0.4274223001578666 -0.8672107437835569 -0.25545195868133114
0.9596419208916762 0.2787864844617897 0.03695239841702154
0.7398685082604867 0.14519069388432412 0.6568974447307515
0.9637766196661252 0.008285658307366234 -0.2665820234962415
0.9580173931422764 -0.1320701856293194 0.25448013774107014
-0.7831017986865503 0.4378735454911553 -0.44160879865882974
-0.8860631445365967 0.4562879131868999 -0.08181347183356999
-0.8622805244673746 0.4978315015396631 0.09293058268962795
0.22907646114977456 0.1675206624139361 -0.9588851873981014
0.5451463885277127 -0.306268980957977 -0.780393955882639
0.7733149947201199 0.0503613352804819 -0.6320187140028275
0.7687971625758017 0.18774000559318232 -0.6113138417501015
-0.1783078686654746 -0.015084306319596905 -0.9838591198311029
-0.02399183515123006 -0.42764625740719453 -0.9036277277572307
-0.718603320678524 -0.08811025677600123 0.6898158088654288
-0.7778391913238611 0.030966663337226412 0.6276999746713399
-0.5303738226112406 -0.2216962499223374 0.8182630268190741
-0.34877635287719966 -0.22902662749182418 -0.9087914279819107
-0.5754460617592797 -0.42087381091637455 0.7012325329663927
-0.8037460513712631 -0.053495653437825814 0.592562654888378
0.7749069162094742 0.2422824696372318 0.5837966050922245
-0.7872546675159442 -0.1637380241419461 0.5944913354494342
-0.6868441953066166 -0.319904323810937 0.6526149515454527
-0.4530181445338894 -0.5130510910393862 -0.7290769086360969
-0.7110700054190343 -0.38933319795745014 0.5854904852869938
-0.7181809348111237 -0.37104353262038003 -0.5886788953023622
-0.6997517629648876 0.07323862794180051 0.7106219625122306
0.20106908535489107 0.31669447835134124 0.9269713211833036
-0.1663824544976952 0.3725878380392377 0.9129595729168785
-0.39274420819273953 0.7868603962338943 -0.47602804935181825
-0.7840940145954135 -0.04736754020881916 -0.6188318773384361
-0.6974151732814593 -0.3663552858573754 0.6159511998536513
-0.18976528776375137 0.2707805606088999 0.9437515687702303
0.0913302698427809 0.4513517566497751 0.8876600551898272
-0.2433611924124281 -0.508568328118189 -0.8259137882749453
0.3880857295496579 0.3245483829940887 0.8625878584908508
0.8853693834523264 0.1863422032711491 -0.4259080160378542
0.686084142982848 0.302187972179345 -0.6617937580678941
0.14410871529679675 -0.4144660891945999 0.8985825165688685
-0.7717002896539289 -0.35957489453741326 -0.5245803638780718
0.8424984744227073 -0.007979157590127977 -0.5386396324441441
-0.6598442677323214 -0.23527939216063587 -0.7136169490457175
-0.3043896318898895 0.18237724662790394 0.9349253937669906
-0.7517329178950207 -0.280911894749347 -0.5966457303470543
-0.035215502708036764 0.06910129272977564 0.9969879034933644
-0.3312297633237771 0.8477269763442125 -0.4143016020567307
0.0650169958990206 0.9939705065785296 0.08829168871580184
-0.6485516064324615 0.07538036702631096 0.7574289498433845
0.25855921990730524 0.303392853217886 -0.9171149908366104
0.13341229322099876 0.9222572096185457 -0.3628261282269071
-0.181142559664655 0.143830844530831 -0.9728823470696161
-0.8240157052509971 -0.3812978048024687 0.4190585896417352
0.7030095903714862 0.4605558547582299 0.5419094209308705
0.3054373415324785 0.18733822580761542 0.9336018527985187
-0.6541404849484178 -0.2196823252039236 0.7237678508641057
0.84629239980299 -0.060101055135014986 -0.5293175202157531
-0.6096714583885282 -0.04278556548325043 0.7914986470062244
-0.6074434742336828 -0.01068719090616155 0.7942910106261107
-0.34988917637087474 -0.025542852149671724 0.9364428049606505
-0.7334784241262968 -0.15907599589837013 0.660836007546612
-0.7117473381439626 -0.39869272633864744 -0.5783250267882586
-0.5686913796622419 -0.24936656316839256 0.7838408204931916
0.3885258554529634 -0.37593461072247475 0.8412614505048264
0.6494151156325142 0.3204829947953825 -0.6896018109278651
-0.14415183126379744 0.3424689876648472 -0.9284046757912782
0.9168086316649405 0.27755971456391576 0.2870932562005891
-0.8055715375020229 -0.10121438843437765 0.5837894702206282
-0.8282583311288982 -0.09308474698057637 0.5525607358427982
-0.7884375115329965 -0.061586195884101615 0.6120240443676875
-0.7906959829165753 -0.35624533412153564 -0.4978846498097992
-0.3635287470401201 -0.10839881088334988 0.9252548556341199
-0.4841783728896845 -0.1995824264385385 0.851902669489187
0.9286660350686395 0.06257269514827618 -0.365600947936098
0.9092671787028573 0.1728802473050092 -0.37861011321081356
0.75629455195224 0.4420273188329154 0.482317737692431
-0.8434962693256105 -0.12194955055073084 0.5231083546974297
-0.9009274396398239 -0.22768137281399226 0.3694468039888384
0.3710926819502587 -0.4008407116648565 0.83762577877891
-0.9794140489821629 -0.1922692643502301 0.06148699571931268
0.3938545284662913 0.46986422136940553 -0.7900039391569624
0.7481593948977493 0.3875576976314342 0.5385689842841448
-0.5771154342088756 0.06116881565318391 0.8143685600448287
-0.14677833244520572 0.5011655998713807 -0.8528125014504442
-0.6442906464563954 -0.38465855482756967 -0.6610048101842874
-0.8651500644299993 -0.20806326333019529 0.456316824661504
-0.7940088351291659 -0.15688976639335622 -0.5873121580027636
-0.40445669580401694 -0.02498643615576697 0.9142157618568665
-0.8330989654543304 0.019197576383412473 -0.5527907079717672
-0.6421041172612411 0.1795807779348484 -0.745287224358822
-0.8139352014081482 -0.1656217908665862 -0.5568472953142737
0.07920852458870332 0.990046354804631 0.11633668798166641
0.16892755473497764 0.5723629457522308 -0.8024114527978088
-0.46826633592205563 -0.08254715165962717 0.8797230282282118
0.5803115097822736 0.5962182420279383 0.5547633364664007
-0.8007249362664631 0.5884856240033944 0.1119117812493576
0.37034581663893024 0.30473804358241274 -0.8774843023619324
-0.8332903173505091 0.09795261519913524 -0.5440887172010994
0.7738079623754587 0.4260108876372685 0.4687600249369044
-0.8191427179694256 0.5487305831030518 0.16703279547755542
0.24226058425300676 -0.25960283057379413 -0.934834840854504
-0.6583440589609405 -0.07583368484982757 0.7488874096103704
-0.8468322663107586 0.5056802414413041 -0.16481081927728145
-0.42122860210978136 -0.3393109491072674 0.8410912819549166
-0.5072149085109372 -0.4072665641596354 -0.7595175984148407
-0.20626571642771263 -0.44734907590194906 -0.8702489635249413
-0.7345179197905932 -0.21422666867726672 -0.643886915485895
-0.7711149125199669 0.07463564965001518 -0.6323063430732321
0.4641944223760022 0.45643644718009657 -0.7590713457380804
0.41552758868162365 0.40421130021349055 -0.8148313002236444
-0.037087678277714996 0.532620709224058 -0.8455410600471335
0.404012491477593 0.5367348918485926 0.7407358251106446
-0.9187120478597698 -0.2587525783174845 -0.29835427989449403
0.31139395065486125 -0.3882360434180985 0.867356087248264
-0.5375695722244952 -0.4649372389926823 -0.7034574036970787
-0.015644243922762716 -0.339291566263473 0.940551163251933
-0.7696113872053398 -0.12659242083549854 0.6258375761097127
-0.46811295941190084 -0.47280438468084646 -0.7465428795837504
-0.1481555887588554 0.8864971957103976 -0.43837500329867995
-0.3489153979436203 -0.29693495110485413 -0.8888687641548684
-0.5319361827846241 -0.2709413658259173 -0.8022684549007953
-0.6107738657711465 -0.12905316378690632 0.7812173614350615
-0.7406638638770441 -0.13575910043162687 0.6580171026627826
-0.8505498031565292 0.3595072749960309 0.3838222916602392
-0.828775470248908 -0.15416023243301671 0.5379273581534032
-0.7524435298524161 0.44869770607786513 0.4821816078446977
-0.7232869280178716 -0.4233314480107967 -0.5455698900081934
0.09962671718837005 -0.322314193242271 0.9413756306899241
0.15168705152453182 0.9853026963436862 0.07854702398981038
0.9175276043503304 0.056381614499535694 -0.3936549362088187
-0.3114068554985343 0.9325685006556541 0.18259726704794954
0.6008080879106995 0.7393804478260894 0.3038851672483881
-0.7406951621611657 0.5206453622489814 -0.42461639572639126
-0.9866632836109205 -0.16031604897273477 0.028183846719139774
0.13386041215381672 0.9259546101935799 -0.3531139333405943
-0.8265443258942878 0.15216600683055354 -0.5419132621529034
-0.8624851094659742 -0.3543898499182003 -0.3612855798733489
0.7203709081255719 0.09186309703551222 0.6874786732178554
-0.8491572041529093 -0.26614664849862363 -0.4561776015195884
-0.5008939494545038 -0.29852432182020594 0.8123967507823102
0.38080071952553063 0.5109346994728737 -0.7706727871693683
0.43814512016036583 -0.7295177904744161 -0.5251977218733764
-0.9136324982925168 0.04406112021927218 0.4041463543678172
-0.4685564888186402 0.8000855332268246 -0.37459038469653105
-0.7403141765631079 0.2416381282038576 -0.6273323959256555
-0.754068548607541 0.26165690331769553 -0.6024253388986146
-0.6412820779355553 -0.28143519498967007 -0.713828780268618
0.1992294038607885 0.7061548048154936 -0.6794505399756976
-0.8785453560451099 -0.3150760758672054 -0.3590057433909579
0.6073233754561358 -0.021079137927199038 -0.794175035850921
-0.8127742905704326 0.36293452900804835 0.45571535001735036
-0.048373956083535966 0.06948661752781601 -0.9964093387545959
-0.38156681213604204 0.580635720587609 0.7192141043208526
-0.1935124043626079 0.9314867313762195 -0.30803476853733447
-0.8215737300559924 0.33073942898601133 0.4643576597794963
0.6403653258449153 0.6387882457340828 0.42647605626518853
-0.3948320846268304 0.12521107108542787 0.9101811976891587
-0.7199608111407285 0.4570323001612324 0.5222814442720679
-0.11081144204180496 0.8284217844931004 0.549033852590059
-0.7127689046112389 0.49810354708762544 0.49381509190993783
-0.26694631184982 0.8876533999589983 -0.3752480621282531
-0.6778073244331705 -0.052358070565865354 0.7333729360914312
-0.24930262554924837 0.6602699399016794 0.7084432280405283
-0.7042061302640942 0.6274268309577792 -0.3323090397397398
0.0487221938348892 -0.3879688171273606 -0.9203838029673882
-0.27195052682555515 0.22909818168383964 0.9346426772347074
-0.8796907950922278 -0.020684763186355138 0.4750960382932364
-0.9148728099793924 -0.11487532531281655 0.38705477802849214
0.7917294792324772 0.4020564977853531 0.45990760409330794
-0.8588010176131401 -0.19217723492446143 0.47489864447419033
-0.6910982826566978 0.47064837237512064 0.5485191640130841
0.4553041954068277 -0.854536767927837 0.2499299940070968
-0.5282175574875344 0.7472612004466483 -0.4032206719265983
-0.6624480131318317 0.3673817388793694 0.6528348089950929
-0.6103797213105882 0.5712846305331665 0.548698885299936
0.6311353938151498 -0.35141786395964825 0.6915009758227634
-0.7635016699445261 0.42025111616524524 0.490361294714199
-0.6555001010073019 0.6382641194616574 -0.40365645218087637
-0.7023347258239933 -0.24102994022800533 0.6697988510108244
-0.9391117284285794 0.021531638809674698 0.3429366560431473
-0.3552798548002709 0.8562849798735223 -0.3749029981423196
-0.783956595094524 -0.112974332829929 0.6104497171179892
-0.4734235395052573 0.8450435861637405 0.24853870870719286
0.9057215414271113 0.03930389487263195 -0.4220470272881195
-0.1023179333494715 0.7647681094080396 0.6361295303218881
-0.3840758434083791 0.8611260581185477 -0.33308806424030524
-0.7840181534991618 0.5729750170485818 -0.2387784848388612
0.7844974874980741 -0.08161645981312915 -0.6147377047137917
-0.7965743660348772 0.3028863153126493 0.523191321958287
-0.10951433829425389 0.6433929538832927 0.7576622708049431
0.6047066946411587 -0.2739649287646386 -0.7478455931963168
-0.4123963673848345 0.8641900337264282 0.28827906926398134
0.5406055008629397 -0.4505371005884468 0.7104660536789114
0.4901582688295781 0.8239290563136963 0.2844042574576073
-0.5220454235599289 0.7106442331697789 -0.47164960468834427
-0.6275294195471339 -0.2597221174259071 0.7339967638366265
0.8082019177284586 0.3867445766640586 0.4441151794309444
-0.7273471172789174 0.5933819600734961 -0.3447666173593154
-0.46721592531775374 0.7538182713362344 -0.4620252081100409
-0.8537185438467787 -0.02450051805407791 0.5201580264758178
-0.5776606209501236 -0.11165207561153849 0.8086049845351888
0.44199714324036926 0.8210734097593935 -0.3612159757727162
-0.5644140013462619 0.6954188433433622 -0.44478024619724543
-0.41619205449014857 0.6723370473601573 -0.6121658831773417
-0.5559730487876478 0.3693752921317473 -0.7446179306089493
-0.850191761354524 0.5150196977673925 -0.10921849585338428
0.46985038532563606 -0.33986083902156766 -0.8146994694418963
-0.8724265234934755 -0.13802998422878018 0.4688493196741262
-0.7563569509914505 -0.1210741628783373 0.6428570679165209
-0.44973144207871785 -0.3137931071007443 0.8362269524129545
0.16930350229936933 -0.37311819164598825 -0.9122056452204157
-0.32094013353347145 0.5454647228665223 0.7742516818164915
-0.586350651040806 0.5564805763328949 -0.5886614325639418
-0.826566932470127 -0.08278773090612121 0.5567165326791905
-0.6029454960505386 0.663209314736302 -0.44340741270233025
-0.6854810628716193 0.36686529596266054 0.6289082342143604
0.7556979839674788 0.025511714380717698 0.6544231883550925
0.6612550772765589 0.5030588336799552 0.5564831827041454
0.751055224412621 0.23093686695572654 -0.6185339225646244
-0.7402059698830807 -0.09957078478893958 0.6649667517748254
0.8818833343051508 0.021290273216833463 -0.4709867396659722
0.2526636052522131 -0.39840965215093 -0.8817203931258076
-0.8746848348065143 0.38450197928674107 0.29510111433893177
-0.9483848385813243 -0.0170187613653477 0.31666474339696354
-0.18815200219387218 0.9313033663571585 -0.31188597897671055
-0.722948923315536 -0.09116095594918493 0.6848609598942972
0.7369892077245529 0.48807961245945636 0.4675737370714514
0.745439896662908 -0.12292540626791451 0.6551402177832324
-0.901949780319153 0.34135676494469314 0.26450359696746156
-0.7811797125861873 -0.07210694926143606 0.6201280871819712
-0.7244933846381815 -0.04925477328750329 0.6875196745722326
-0.9895256416368352 -0.14405730158228222 -0.009300451819181283
-0.2949750869975601 0.16096821499573818 0.9418486777672237
-0.8551375444994191 -0.00100484150970012 0.5184002028173255
-0.8536606097663947 0.014729073442391424 0.5206213765576628
-0.6771912813636114 0.3219758861805921 0.661621868716061
0.0667108040095453 0.44492213061603025 -0.8930811644618266
-0.030982374103253933 0.826880676639753 -0.5615233201699732
-0.6965523344275822 0.47149058446886355 -0.5408432990808846
-0.9898063409272537 -0.1424030225907436 0.0021878339107829024
-0.7781730556748563 0.27288156398016333 0.5656698219468642
0.15555860936698002 0.8264353340688859 -0.5411156601450934
0.3066283990145279 0.9518199700435007 0.004215393715519752
0.19652864897272226 0.8253977589174099 -0.529240049228206
-0.25470943969532456 0.4937542821126387 -0.8314624526853432
-0.02101956610045421 0.8376299434905579 -0.5458335420336071
0.03678088296993878 0.9833667840156576 -0.17786774508790124
-0.5710617699169699 0.6086999571106595 0.5507928986041659
0.7716728572570913 0.0012625753488071626 0.6360184016804586
-0.7240923300956518 -0.06190455716087064 0.6869192989714048
-0.8712371462916368 -0.2111271610314496 0.44313785303944125
0.6006447939860784 0.43064428908113284 0.6736255100122227
-0.9110803258139134 -0.24388012639062537 -0.3323478958358336
0.39090534637934476 0.6497873644667963 -0.6518967641822893
0.11567797355202912 -0.4169150301022767 -0.9015544709609696
-0.2733403496908824 0.8338761564788012 -0.47951601525601617
-0.6987339504890732 -0.12210241535316678 0.7048842930572765
0.6612973733623596 0.5884114510055299 0.46525019968787834
0.4915304131730121 0.571103663159808 -0.6574484457745844
-0.4535134861637204 0.3878840424887859 -0.8024160314015335
-0.2827599319628667 0.5588264599357522 0.7795895128540598
-0.9577406711761741 -0.09275546412666465 0.2722668372197733
-0.8097940126183532 -0.1589458505543288 0.564774179401845
-0.7409438626098407 -0.1358192374237892 0.6576893850492266
0.7895956103963488 -0.03657933203136711 -0.6125363046472889
-0.36488503040451525 -0.05557437216745351 0.9293924917627048
-0.743472909038182 0.5593894289572888 0.3665126195605568
-0.8626138403472772 0.4036507335992881 -0.3048990779029657
0.7331283913292189 -0.18695923327042296 -0.6538876103138574
-0.958373295213843 0.07608318925272681 0.2751944318733465
-0.2961010587145348 0.5349554455677301 -0.7912944043057318
-0.9148757100759503 -0.2645102108885224 0.3050193165173889
-0.9507991716717367 -0.2280335818079014 -0.2097179551593013
0.15117130285082073 0.25177790355808216 0.9559053951486426
-0.9503962487700982 0.23502113525900395 0.20374502768238184
-0.9608713434169801 -0.15530999641585289 0.22935794386363767
-0.3346312926380108 -0.03578075736985939 0.9416695999072356
0.5301173991690175 0.7395862812285834 -0.41471396855754855
-0.5513287760849712 0.11840539682182318 0.8258430496553897
0.09127657894683977 0.8222255256004694 -0.5617951327546309
-0.49399879177112344 0.6199240967210894 -0.6096386700605626
-0.08594706017472817 0.9942982750698631 0.06311927629826339
0.3261635126975704 0.620147294715452 -0.7134666746540359
-0.04569774962291463 0.9286528688196447 -0.36812438782624146
-0.7434342608777408 0.28478529592223895 -0.6051469532102512
-0.9642021649821203 -0.19728609692948032 0.17717895191620217
0.6861140318465333 -0.3261706562822282 0.6502770473296092
-0.6724776796225949 0.5005630085410636 -0.5451701063794031
0.25536635585220124 0.809018874285092 -0.5294114518493621
-0.9587150528621661 0.1710436235611521 0.22717730136297754
-0.6641717215240105 -0.1510243898984307 0.7321663458420081
-0.670266601212876 0.15533214827523367 -0.7256821666616455
-0.9212075917442002 -0.024605192657720834 -0.38829261827535105
-0.6048336128084031 0.07987538149888324 0.7923359289137043
0.22116635767701792 0.8756232735787927 -0.4293824926554882
-0.16774054415045686 -0.5114388245283562 -0.8427890831122351
0.8777797805963609 0.39432973473572014 0.27204175613214443
0.2326988400675948 0.8679512245389481 -0.4387618051432192
0.44392899720909657 0.6398108201950685 -0.6273509064297585
-0.8568510692627777 0.29705188007206723 0.4213863140265531
0.9604532983430357 0.013996490950503936 0.27808912230264615
-0.4494727053397914 0.5939089788331835 0.6672678712600018
-0.6412386546387341 0.025729830248982077 0.7669100101266543
0.013023780123317279 0.7551081353689154 -0.6554708880270574
-0.541375730104313 0.5534266297624671 -0.6329544093564554
-0.9578245004464562 -0.2248134682265035 -0.17897243041448474
-0.43102324622522215 0.8438469346191471 -0.3195955446299912
0.8460482122954959 0.40919306590588106 0.34170668311600333
-0.788085366116354 0.2433867385698429 -0.5654063593572213
-0.6822824848392287 0.6082868664564856 -0.4055585025346618
-0.9988095302109014 -0.015993930228944468 0.046083799275995437
-0.7934756507494402 -0.20901734696116353 0.5715838874015511
-0.44954422872071603 0.8157630139178876 -0.3639240189208468
-0.5669728493043842 0.005953079548163758 0.8237149682964133
-0.18412811636482715 0.684201642455198 -0.7056663157793137
0.7867179818424329 -0.1142885545736955 -0.6066407036617514
0.48285841523520423 0.8748747316064557 -0.037973080373853906
-0.03322871202257399 -0.24448747829899453 0.9690829302244053
-0.018359961031177402 0.9417520260735347 -0.3358065413557727
0.3713500107981356 0.7207019821388181 -0.5853954410664669
-0.6153847850441785 -0.512220788609442 0.5991088632731547
0.5217615541121933 0.8049418819820907 -0.28254813268106854
0.2890527756652885 0.5331073542605494 -0.7951383789715533
0.6785757418083957 0.6531707914584991 0.3360102376634726
-0.7440764277437316 0.20681683111744875 -0.6352771584455593
-0.9662647555000168 0.03954896160584257 0.2544961726910491
-0.0866650285970939 -0.32591931791741896 0.9414168954435167
0.6307363926165873 0.48754028821422984 0.6037185357407869
0.8029605534169261 -0.08986121207220495 -0.5892192395206542
0.1812519578787072 -0.35308092461311236 -0.9178679580634053
-0.9587964205179615 -0.27750399083696126 -0.060835508311379745
-0.2753377116959361 0.6150280790839122 -0.7388704936972369
-0.5616655136412284 0.024313431207048347 0.8270070784757984
-0.8009341893729066 0.19998977469958745 -0.5643655856881895
-0.9796056403890163 -0.17367733049962925 -0.10103946846924636
-0.3275396143483704 0.6911026810751885 0.6442785773585888
-0.9384021513673122 0.34424124638965276 0.02998944136355939
0.5948221080865493 0.5010922498984528 0.6285644094467806
0.35006743142889774 0.6018637581006486 -0.7177832612549124
-0.09118802401686783 0.9851095211314113 -0.14575313256373165
-0.33107204085905656 0.9303902725253933 -0.15736977013246062
0.8088899234753343 0.027705011556749096 0.587307010033686
0.630689089911438 -0.29045869852826983 -0.719628387652923
0.6610355275078088 0.7108433597792411 -0.24027848266175092
-0.8671933512742601 0.4643531983780183 0.17986605755901428
-0.6011382539410669 0.3219355985661492 0.7314302906118536
-0.8577028155488565 0.3478136141120874 -0.3786443846643606
-0.8470737138801914 0.45457639629704993 0.27536598043841043
-0.5892100083367938 0.22983411512784807 0.774601733537406
-0.42690395975988676 0.5742077922205865 -0.698597466710615
0.9195170540635282 0.07718034045741326 -0.3853979532031899
-0.869236073110934 0.47587657088272356 -0.13405274516988913
0.7483521323530078 -0.09859538204787642 0.6559329513308045
0.4159127370446606 0.6635384486936419 -0.621878864626588
-0.768397000737063 -0.11486840346864154 0.6295802563159453
-0.4838954974341441 0.6538122495301573 0.5816998280275469
-0.2604381574184807 0.6482495221983722 -0.7155029861084081
-0.7604475029290552 -0.10688820077869181 0.6405423544335368
-0.9288256072495203 0.2997221051055466 0.2178294080895861
-0.8446047772818578 -0.5085189372695705 -0.16748510569865588
-0.7340767192943197 0.14313351538396574 0.6638103396030499
-0.40072385105462954 0.6314413970491017 0.6638540180556458
-0.9970440118360533 -0.07253580545219851 -0.025333680926166346
-0.9960677459293232 -0.08837817787843977 0.006192188156387258
-0.2929098948546144 0.19524360394967755 0.9359934447489471
0.09090075282930515 -0.4559118004020349 -0.8853708168836607
0.13874729857376678 0.45434076882340074 -0.8799566199100062
0.038343492350013324 0.9661515513937445 -0.2551096947077179
-0.5568268499379398 0.26052016063384914 0.7887161118498242
-0.9040681825620879 -0.03691495633883331 0.4257910371031612
-0.5000866693100838 -0.5051553480132611 0.7033714506233161
-0.9973293841719553 -0.05412798462320114 0.04903326164777152
0.18218589460765597 0.7694705746455562 -0.6121464976299755
-0.7874698637827537 -0.20737969851486077 0.5804178445549868
-0.36223686292007873 0.4429616586981079 -0.820103300850107
0.1745664642144916 0.8205589410602202 -0.5442513884390013
0.3435362969185471 -0.4577034466698732 -0.8200551003475379
-0.1762206322032574 0.5091572125882691 -0.8424400403917353
-0.8149117843937731 -0.07815669731496469 0.5742911407300076
0.04167716771260316 0.9830073678810433 -0.17877228080169175
-0.6940807290683035 -0.33307704002804406 0.6382097045189528
0.6407012128578126 0.5023681024210391 0.5806274584554301
-0.5994810366109752 -0.4082922916785621 0.6884183984320137
0.13095219831237462 0.812904309716921 -0.5674840129913905
0.00030307737938471853 0.7326940413375438 -0.6805581164989216
0.5807853956624823 0.4842229305362416 0.6543825163679635
-0.9774713606696345 -0.17123511173708833 -0.12340289939478845
-0.6353815745409579 0.1745939635337287 0.7522015704792406
-0.7033356409098367 -0.32703937795310767 0.6311610107524019
-0.9310557176313843 0.3632561186357192 -0.034354664015537106
-0.8577848657256103 -0.14059207756899292 0.4944077182416665
-0.7390544832430215 -0.13657060911476443 0.6596566830741675
-0.9278473495238369 0.21820334086758186 -0.30246751563732704
0.8347856107710805 0.3742783902095875 0.40379285614244587
-0.03624821814160012 0.6240061714913681 -0.7805782245375823
0.9564271421230826 0.2913804457729128 0.018562263640286458
-0.7680780713620778 0.23380008617571868 0.5961489713124878
0.18151034981758865 0.8321877324959706 -0.5239442439728788
0.21694990909355738 0.817069241915185 -0.5341634495736695
0.47848374992259596 -0.3703160518375234 -0.7961905066072311
-0.632319590897817 0.22345832231239596 -0.7417805020059145
-0.8469232494010313 0.32770585122130413 -0.4187241152588648
-0.7978839578077603 -0.20004629124047868 0.5686498669954595
-0.9918982760861492 -0.12296031864696268 0.03191504246531241
0.38789263434834076 0.8433615568380934 -0.37186098029496417
0.006903881990085459 0.9744594433898912 -0.2244574115544648
0.10892921393966301 0.5840445535006104 0.8043795036403898
-0.6341628345811694 0.31189556196540746 -0.7075017015260522
-0.3939993006123105 0.4792700801077253 0.7842606336101187
0.11939916660852896 0.4676705691844922 -0.875801391716091
-0.9867687649217187 -0.16209110922790781 0.003725169007210055
-0.9864927750414573 0.13950797307309082 -0.08584596810591905
-0.18518317194425285 0.5948117265649147 -0.7822443370006142
-0.52738683711642 0.2327697779618175 -0.8171177115348467
0.542650361029652 0.7934321818471395 -0.275673644884084
-0.21928254090998395 -0.3184553240210854 0.9222263137943347
0.44201046005528655 0.7074686427118441 -0.5514661120877467
0.11565282795453316 0.49067388556224834 -0.8636339278961687
-0.4253120216794345 -0.37212808610556236 0.825003255597433
-0.9618633168475683 0.1228476240089335 0.24439194131221698
-0.9639660973555257 -0.17623670325145294 -0.19927364997966132
-0.8186109834053655 -0.3090785535519856 -0.48409348847336564
0.9495924260778491 0.31302392235873305 0.0170366771037871
0.8868957233171173 0.36187631104317075 0.2871611245757227
-0.9160925540095208 -0.2798251123314734 -0.28717997666444545
0.5525276183535371 0.47265795778145697 0.686518525534767
-0.3969383040293139 0.7056582032676567 0.5869297087006198
-0.6235954261698126 -0.7295473217256394 0.2808726576636398
0.6521069021328496 0.4781587199785901 0.5883203436046848
-0.9575198921282385 -0.27547530238531376 -0.08525851250430296
0.6957213821364799 0.6393508371362783 0.3274175705292039
-0.808886589412558 -0.5650089699921511 0.16268788921406657
-0.8353990791735074 -0.005674111273051954 0.5496145767511237
0.8752332239174382 0.4223195480654775 0.23582409349525435
-0.4516578781478396 0.4456633547256038 0.7729096553684084
-0.43399296544393695 0.8982792811046633 0.06887988881572932
0.27641575128480855 0.5778790472618004 -0.767886801017864
-0.6828825192474328 0.5266620773597764 -0.5062593418173776
0.6796791412224538 0.511386561355949 0.5258517375188999
-0.9896297572828435 0.1425890061642734 -0.01735853742067188
-0.7625737308322044 0.4116553970023694 -0.4990201791145068
-0.3656979962443431 0.534115654035848 0.7622240114669248
0.4149540216910504 0.8204518383131707 -0.39328353752853956
-0.13403690893054362 0.6617484799218513 -0.7376469727216836
0.7816209164529156 0.47003206597797653 0.41004707036604876
-0.987172220495751 -0.14530319592513494 0.06616636861299069
-0.6539277129043007 -0.4631428372650078 0.5982284334481845
-0.21500148533943564 0.6807449580069336 0.7002575693628557
-0.6110507096579576 -0.034548718305917485 0.7908371616773738
-0.8369995710061019 0.5307519587161527 0.13316935253491594
-0.9954594591691706 0.0945825562876395 0.010705381670818288
-0.9969095529215088 -0.0781893436418316 0.007600646991998276
-0.6668848684393344 0.523729003988014 -0.5300683942930144
-0.9626644526701976 -0.27004766854179824 0.018745887024307545
-0.9702451212481871 -0.23145852673716064 0.07107288579165656
-0.19124477169331594 0.6799011145763582 -0.7079264874955572
0.654255224215111 0.5171720612716975 0.5517999280783012
-0.5117665750436583 0.4193304414049309 0.749837951546352
-0.8541899153464647 -0.12709603695965097 0.5041886411944941
-0.9490758574688656 -0.23586964182663903 -0.20885528203593673
-0.703321583475241 0.16619455700269609 0.6911715557230037
-0.6528266177133938 0.20929552836618034 0.7280197724037526
-0.7747974790692199 -0.360469343377391 0.519375316041352
-0.6488203507662785 0.53458098578799 -0.54153053659555
0.9131676382132163 0.3844003460947661 0.13550364733954773
-0.95871739818845 -0.24266096530509781 -0.14824508871448996
-0.9852814862672787 -0.1706874214378405 -0.009284232970112646
0.9543131667975349 0.27852424720892416 -0.10821563377609761
0.3347840429834338 0.5562120148645368 -0.7606233227320858
0.340865070384817 0.8196968927262285 -0.46033466939447387
-0.3376995890494222 0.6685220455404921 -0.6625988697411184
-0.9419939065787518 0.22528742173210517 -0.24878315372589566
-0.13454680555169685 0.5987743088931686 -0.7895356129557058
0.04613687358812424 -0.463006378595999 -0.8851533665274802
-0.7310617837190337 -0.3602149610700893 -0.5794772214736476
-0.9336303680908458 -0.062177023295898026 0.3528007278232475
-0.6389094905926055 0.03923533646960567 0.7682807112005443
-0.9342655226095984 -0.3095595733578044 0.17697684539381994
-0.9677912551738439 -0.01622945907879372 0.25123035458926013
-0.8830449690972388 -0.021932667823214104 -0.4687755759787544
0.06837119231513059 0.7430674408526163 -0.6657147725611555
-0.2624793487421533 -0.33599011747492297 0.90455250397259
-0.14957336162483387 -0.49066258067096297 -0.8584160072025436
-0.9428453763116976 -0.3088735051693441 0.12505900276292145
-0.9333037322432208 -0.12493846134056018 0.3366519333952024
-0.9307866013599444 -0.20857059024019606 0.3002242688652271
0.38461588908024047 0.5597549965924059 -0.733992480654163
-0.18205016874241556 0.49666339602050574 -0.8486360863846389
-0.9830974549621819 0.16304441533469025 -0.08328212698442355
-0.9874534974220298 -0.1569654283151753 -0.0172465864110821
-0.05100320624409358 0.9638908279160838 0.26136783431032423
-0.8799514424237058 -0.006853115165097045 0.4750142037760275
-0.9608755868756856 -0.015095441971572992 0.27656867895332915
0.04879681913043588 0.6991352344235919 -0.7133223636128484
-0.6046827043554606 -0.43647563311542187 0.6662190696384023
0.4958708419583984 -0.46208114813545326 -0.7352503795533127
-0.2648883973750584 0.5014288219277611 -0.8236523984522905
-0.9439394859654145 0.32800914240029616 -0.037259218150291616
-0.5708433587589415 -0.40920826337757227 0.7118191181362873
-0.5980761153004086 -0.41279545312102145 -0.6869533275192595
-0.9465727624339484 -0.3080495735161495 0.09542256376079133
-0.5452718638825317 0.3802079044174315 0.7470746574985496
-0.999254613442396 -0.00598028118878231 0.03813730130713064
-0.9370510866609908 0.17345311936272312 -0.30306645537043064
-0.9676304292794422 0.17905772131330427 0.1778473636874316
0.9779121705474602 0.14954947760817194 -0.14602308188186577
0.04674458282981011 0.8252619686077544 -0.5628122485747098
0.8362464876017625 -0.2201167035390126 0.5022354515531872
0.16764611668576682 0.001979545733731665 -0.9858452520344511
0.1974511466600765 0.4123539574070244 -0.8893690226747202
0.8559067307158735 -0.08151638771111681 0.5106650045282094
-0.8807266889495885 -0.1971175559169642 0.43065667128376994
0.3316921070355542 0.5667663923917227 -0.7541592687129068
-0.9637581052005117 0.11045281054300594 0.24283840574231733
-0.7461555525620155 -0.3785959152584668 0.5476468061903375
-0.9727546014056828 -0.005922897007700751 0.23176152557123755
-0.3356827183249507 0.8175315497512037 0.46793084721929495
0.24414075352872647 0.8459695371079216 -0.4740578390363718
-0.9232776129165591 -0.3707102360069168 -0.10065967617073258
-0.6881748151300645 0.49105463918876396 -0.5341168085277737
-0.9546781047492043 0.06391621556306039 0.29069646317174824
0.2553646971069717 0.4529592947284866 -0.8541760642809751
-0.41233164683661233 -0.5519417676709153 0.7248054208663954
-0.7528979494005484 0.45714246766869754 -0.47346113044496396
-0.9992270041259453 0.010589943278110185 0.037858253087726765
-0.6146643692996047 0.565713379226457 -0.5496872617022356
0.4600892795099812 0.8751099501739604 -0.15000143328153528
0.3622848656541827 0.6346243898390584 -0.6826430692091832
-0.8494012901491428 -0.2771876799481764 0.4490929061763492
0.04460920461169401 0.6042770242547736 -0.795524541935513
-0.9503709521289516 0.29401035623621974 0.1017495148654831
0.2632262230899156 0.5683780645508013 -0.7795244263108777
-0.5340906292175039 0.677287141789485 -0.5059934064280688
-0.05123003418833918 0.6027406982213742 -0.7962908603674111
0.5875018500250675 -0.311665799888345 0.7467971648293004
-0.9558698303245169 0.27340629947964423 0.10752610325044937
-0.44070959900621676 0.3444213811651245 -0.8289444864042994
-0.9464920125335573 0.07244191005734754 0.3144917167071648
-0.4583566232101455 0.3390560848625833 0.8215535145546208
0.7037867639827998 0.6882658777686372 0.1759950918122036
-0.3327639607116832 -0.4625357785014548 0.8217839132384659
-0.3469753957750501 0.07141988687914852 -0.9351509367395816
-0.9600035225981552 0.276849951495969 0.041801207587972226
0.5157938745038648 0.42906994663326964 -0.7415225282622333
-0.7981808294385899 0.024735032881371626 0.6019099115856807
0.050032448039245954 0.9151631162150998 -0.39996652967800683
0.9537523357612939 0.21668957652896734 0.2083317293490666
-0.09736627105102613 0.23885356114376846 -0.9661618837392407
-0.9281817054906374 0.21919484147100976 0.30071970847450374
0.8494067248699592 -0.18407496894891306 0.4945954119804854
-0.4790007370505763 -0.47279080579110117 -0.7396128364654077
-0.6891822816595924 0.06085074724000787 0.7220283714694395
-0.46174032887728905 -0.8833488561557 -0.08056467598587766
-0.6464670906421133 0.5174513288646989 -0.5606464331224082
-0.25226997438885473 -0.41218636863805763 0.8754783021473563
-0.9706294879930009 0.17347057912997615 0.16669239699145091
-0.8918480988321432 0.22452175444604022 -0.3926791952599014
-0.19003129533781804 0.15603012618067938 0.9693001116869183
-0.48023144371482784 -0.05259476077519863 0.8755635622880681
-0.9971193324540631 0.06578121349000016 0.037760677935473407
-0.8264544951630323 -0.1213670798907801 0.5497663133947027
-0.1636628206308983 0.19715969706495418 -0.966613953445942
-0.5579696550915796 0.1831225652170598 0.8094047134192557
0.8559769410782228 -0.2504932140589709 -0.45227936726405665
-0.9609678649887551 -0.27436052908206165 0.0355958219565881
-0.9424924028653088 -0.2809164736553182 0.1810911521036771
-0.9404892647608906 0.2686517721634397 0.20810134113686707
-0.5217388767627548 -0.05975065438921265 0.851010225422938
-0.3035451245936751 0.43769768680767934 0.8463339130027916
0.019280218252110886 0.30248364857481475 0.9529595560825334
-0.996953322707405 0.05610290018499301 0.054189823154328146
-0.4604924209571461 -0.05376224530280245 0.8860340575965621
-0.22439394785228456 -0.22005101643283936 0.9493286608620538
0.5141468941170609 0.5993801584840819 -0.613511529545596
-0.9273100953180113 -0.09897542399466847 0.36097070873739356
-0.9955729946651809 0.06884818403600097 -0.06398702875074434
0.6682165160120945 0.552176918186628 0.4985853374805322
-0.32863769860661934 -0.3875145204924503 0.8612953961690792
-0.513854943296611 0.7430736655960344 -0.42871275318948643
-0.9216741103202236 0.23195723172142774 0.3109866187114101
-0.8624182711089579 0.3027089981676172 -0.4057117056307267
-0.8622244648683358 0.003922222503712277 0.5065111927224741
-0.7770237690521727 -0.2630420387809278 0.5718766896472776
-0.17623276983331596 0.7354588211758618 -0.6542494426375075
0.8727127174733799 0.3736347065293457 0.31427634151644046
0.6774932403458345 0.5972549021485808 -0.42928951902555285
-0.6653508002809273 0.19878785642975427 0.7195774459372618
0.9539827880440054 0.12195224170267108 0.2739424955341534
-0.8763436538002946 -0.473057309626842 0.09076663623030151
-0.9685391322926438 0.09689938250597006 0.22922141891144074
-0.9569130692336383 0.2868126904074484 0.045341576407304296
-0.14578396287280565 0.5988074276410915 -0.7875129845094362
-0.9188834691326838 0.3301756817968996 0.2159564523338826
-0.6347179488516904 -0.48691681511408375 0.600037615958083
-0.7392473346380537 -0.6703073018387765 -0.06481897355059511
-0.9347120502858676 -0.3426835398620742 0.09424104497504225
-0.9985332342617472 0.033328760692227365 -0.04266818235518131
0.8894653218625986 0.4144973538025402 0.19246658124088872
-0.20026938435951316 0.7148189434681989 -0.6700194413203766
-0.9453393917665369 0.004254985817055627 -0.3260603156935396
0.35178182982238104 0.5949972775174188 -0.7226532944321757
-0.7549851472185501 0.31119265064383195 -0.5771971601321771
-0.8885660944158322 -0.4525392971534405 0.07522287143192895
0.45155648234059803 0.4367046190973537 -0.7780654335691957
0.9846877312015051 0.08915955666941167 0.1498020209334523
-0.9127117584129478 -0.3316706768049386 0.23864577977097923
-0.7235769752410196 0.0648800449886307 0.6871877040978908
0.5080780197874908 0.6723809531335652 -0.5382941386194174
-0.7979499629708295 -0.3535782160397989 0.4881170983862019
-0.7136130218131639 0.032668043165669375 0.6997780034085174
-0.7594979208552544 -0.27736198162100695 -0.5884158728041027
-0.7008118147574698 0.2579944112933673 0.665057654671932
-0.385139207819487 0.5819856243143838 0.7162126246385042
-0.8746432124464814 -0.015570926547522667 0.4845170762395798
0.06379581644169029 0.43801907760708775 -0.8966991588357681
-0.9573795342513228 0.024958929145618078 0.28775246176640096
-0.7749382069151761 -0.5855668503733189 0.2378702150479603
-0.9462921032389625 0.048464734298755974 0.3196598580943997
-0.4498125869492261 -0.40842969761227715 0.7942630664524121
-0.9539726827813417 0.29377598760941315 0.060264331167642765
-0.9702189030041745 0.03374851336564783 0.23986729268281862
-0.6989338439393726 -0.552651901958396 0.45394642531679913
-0.9762295417271267 0.02467422856440232 0.21533012864900206
-0.5882715795340892 0.1277264686558281 0.7985126786201829
-0.92738647243424 0.30720561741192604 0.21349248084308298
-0.9920063650761772 0.1185783251220756 0.04315729903033106
-0.889110083983227 -0.13575245890940385 0.43709784769475774
-0.5548329142026021 -0.48321762416201897 0.6772452768507595
-0.1594161936417471 0.9525746245945302 -0.25920660057831585
-0.08539698934369462 -0.4487674990745804 -0.8895589277756586
-0.710605442137128 0.3451386499760279 0.6131225145905358
-0.5966469210485948 0.22904040469251247 0.7691247913190173
0.6575925478126183 0.152033773352614 0.737873819037832
-0.7572640758239325 0.29522405035201493 0.582575213650801
0.746663148895969 -0.22330919632395854 -0.626599668782153
-0.9721779305984561 0.23424278305464277 -0.0006243749827166135
0.7012173282371311 0.5692010241339435 0.4293069446268593
-0.6345700798055628 0.2961889393328878 0.7138577771744318
-0.5439102499043016 0.553162986527779 -0.6310089939015993
-0.9100004321242133 -0.05493798253358285 0.4109513737766121
-0.9718400816296835 -0.21234175203006303 -0.1021657285140831
0.7062561424441143 -0.19868854356887272 -0.6795035863882097
0.7192545967683277 -0.27746274478079125 -0.6369358290176019
0.21701459674935367 0.4469718767417428 -0.8678253316190302
0.3452977938208804 0.5513085834003889 -0.7594921194136837
0.18750936610843796 0.09138029518753438 -0.9780030057586995
-0.845727517176226 0.22395173825421436 0.48434552297285893
-0.9643890826448609 0.12205546457031498 0.23464049276271173
0.0477739067455654 0.4074984799804052 -0.9119553950977676
-0.2543827467674272 0.5836894713090713 -0.7711005247242385
-0.4977509108460623 -0.8478284406263594 -0.1828413684508816
-0.9885702558070695 -0.14264347865266197 0.048802534067531905
0.7281411479673847 0.616500760421852 0.29956181504994506
-0.6087996978079536 -0.5523487014941225 0.5694504718644995
-0.291060239859867 0.6942551558464454 0.6582504959005686
0.5383870848194267 0.7766148903305182 -0.3271217801011675
-0.130508915965477 -0.4784672127296611 -0.8683527792298619
-0.9217195640144268 -0.3212953906970596 0.21726094271607818
-0.5653644830541225 -0.338849844144924 0.752026451944282
-0.8809506374950883 -0.19325985164172152 -0.43194514008195223
-0.8978206112713277 0.18814973645308594 -0.39814297262291837
-0.5455124974398349 0.5502646524840742 0.632158941535699
0.050485311598853624 -0.32956948458804103 0.9427805620297545
-0.966730512534709 0.07110054502813462 0.245716968545278
-0.828593878510132 -0.15775752562142065 0.5371636134413269
-0.9727791202243162 -0.22524920309835447 0.054438770735219064
-0.08266935449216146 0.604261742629063 -0.7924856618404761
0.42565391296191063 0.6506220015615143 -0.6288956650067664
-0.805655281845449 -0.23639414841045936 0.5431734285031107
-0.1054318111063886 0.3921690364870705 -0.9138312645273358
-0.14880096079019645 0.1705826745581441 0.9740430304706793
-0.9630710836663591 0.0744786938732575 0.25874120654553345
-0.29790157987453225 -0.6128475894969986 0.7318964959309314
-0.6237967153521454 0.11841642912659386 0.7725640473312104
-0.6770256534725504 0.07907387754020118 0.7316991092182792
0.03430117723689211 0.43228267031988027 -0.9010855243434316
0.7217258192458006 0.6081972382734581 0.3304662784468581
-0.8337087996401179 -0.41779962584843255 0.361072167362071
-0.8644563634696466 0.3085292240850027 -0.39689408353153927
-0.8143859197693374 -0.2009714749570659 0.5444134825066622
-0.8560134453308188 -0.3161366867806041 0.40902148682464556
-0.31811335721070194 0.5607910378484645 -0.7644065043110102
-0.5232520908513469 0.17919039783212284 0.8331254711893398
-0.0967094014104362 -0.5231293410949825 -0.8467484775093278
-0.9747825915909787 -0.16136581884228388 -0.1541426989530628
-0.585300287186714 0.23901325839713217 0.7747878652441169
0.6513124026373083 0.756135376690626 0.06365097240216998
-0.6895756010063334 -0.7236835381400882 0.02770608456273578
0.7506675728348476 -0.18570858784007171 -0.6340429918362674
-0.8746296824013877 0.48273170647879593 0.0446432326620437
0.17906099678946352 0.6808983527140724 -0.710151105540241
0.7258667962833573 -0.20367102973727558 -0.6569897302843424
-0.9277547810018316 0.23740064017504384 0.2879444432051485
0.5213497739740834 0.6969758623659632 -0.4923607015759829
-0.9258518946106815 -0.27835668343583075 0.2555696109329433
-0.9642138344523462 -0.25967315675870717 -0.053493299670813906
-0.06534894427677747 0.2728209154736964 -0.9598428327398214
-0.9737037877216682 -0.22687911315070722 -0.02065918179466151
0.7243216010214977 0.626467843772171 0.2879171044121918
-0.2770811589607763 -0.9405466961852497 -0.19646359368586477
-0.9823764848259664 -0.1867547851881551 -0.00768714968657237
-0.6950999661599634 -0.42168278480968274 0.5822539532193566
-0.7141999056108629 -0.04874779196512927 0.6982421840622056
0.6165355878958267 0.34828618720629756 0.7061024009725835
-0.8645094028703134 -0.29564109723554016 -0.40647242707738473
-0.5102066877216223 0.21912316003983778 0.8316695116079984
-0.0007470478772117927 -0.4793138438899774 0.8776432538195024
-0.8383756383951219 -0.12197045017742501 0.5312715861300021
0.07854385572912992 0.42377933002561186 -0.9023535571882261
0.35897061188902535 0.5767558705110059 -0.7338206631262917
-0.9286458412019961 0.29139063272730953 0.22958310211558497
0.17129125547100704 0.30027573997014234 0.9383463037623954
-0.5638537145631192 -0.44322998874123304 -0.6968616546014129
0.3722944937400415 0.4920428166728953 -0.7869502376208103
-0.7682502173601385 0.232602701156425 0.5963954954062236
0.8952911617304221 -0.06715453314488097 0.4403907405991686
-0.9292118610022254 -0.36771199610147964 0.03678593883328531
-0.8131569539085884 -0.5811080592128727 -0.033002906356173686
0.9456262733869647 0.01157140037403374 0.3250493097572511
-0.9776994226805511 -0.20457863779188196 -0.04744912906824652
0.7912676481412857 -0.23278622957740294 -0.5654255745224964
-0.9831219769042792 -0.17868502814663584 -0.03927899240125579
0.872107033893669 0.4396316872933081 0.21483319334038167
0.2870762503921808 0.388878081940813 -0.8754205068690133
0.866017832889393 0.42053148960723485 0.2704928453143992
-0.9655689059537098 -0.09796536576215661 -0.24099683600919483
-0.862428145340722 -0.1701251681007695 0.4767338054961567
-0.9537053621003204 0.03973702181420821 -0.29810577216557516
0.5381725164924456 0.6879272020233002 -0.4869563709497824
0.1627704817386174 0.48437663321419117 -0.8595842294217964
-0.9494540213393178 0.10704288507642831 0.2950913114903805
-0.9858667124540131 -0.15391738405649866 -0.06615333824018646
0.6892302694353047 -0.5835731860069706 0.4294228362206778
0.9157940531037082 0.3392996683439261 0.21493484445660327
-0.944688495087835 0.28096315929528004 0.16918436797617084
0.30115668521068356 0.7865089278651808 -0.5391737728611037
-0.24377513334361245 0.13377766756304044 -0.9605608882443094
-0.7683856478966369 0.408003656352295 0.4930684663508952
-0.9236623777001555 -0.38225858602145724 0.02694782800471508
-0.9852852251467465 -0.16388360455079476 -0.04853029226126408
-0.8692855773924407 0.4811303317452014 0.11338513488215048
-0.8565749443443377 0.20104315451348465 0.47524837163820155
-0.7122388777100621 0.47326467527116534 -0.518397847428777
0.2052547299723765 0.81966640275877 -0.534806024659843
-0.424360676666697 -0.8823692007584993 -0.20332882149806003
-0.41473877503591605 -0.7530688365657076 0.5107632287814771
-0.8647783644193935 0.02236590833570445 0.5016554062067282
-0.5436254062845978 0.001366937355525373 0.8393268428473928
0.9223134165558016 -0.005544253013599908 -0.38640292817172806
-0.8076849200357094 -0.05309675752462953 0.5872187022628627
-0.9772964250962654 -0.07038034653351594 -0.19984570126945994
-0.14340891171834286 0.22527120891825123 -0.9636839556993102
-0.9430511707010596 0.1778358878157178 0.2811207684326372
-0.19393656577820567 -0.4533081210538153 -0.8700002045061916
-0.9791762539396306 0.188406344192001 0.07561027171593392
-0.9904063251699398 -0.1350559462777151 0.02924384445326053
-0.792571918149305 -0.20948710317925667 0.572664743250966
-0.9211084017774712 -0.24078652308388307 0.305910383079959
-0.9506745273751467 -0.27816738334097363 -0.1372619752345032
0.6271139970194493 -0.31780398287706685 0.7111460210180206
0.6087324977365342 0.7798480548192455 -0.14588268435314636
0.8045726595002572 -0.5730648135105509 0.15575479158215536
0.0987348780575913 0.3559238264042132 0.9292844847799494
-0.8274887702895872 0.009700214814642814 0.5613984688945782
0.46299180890606517 -0.740558480685784 0.48704386000672767
0.334863098412116 0.500963398161554 -0.7980616386121224
0.7716588719484525 -0.2923354368117637 0.5648739485295077
0.7315629354369197 0.6814666111676428 -0.02046776388875316
0.6782666620339135 0.20187250292650583 0.706542162744419
-0.7495913261338725 -0.027514264121668 0.6613288206744854
-0.6227027572475798 -0.4600214030054117 -0.632946747280681
0.9729421093347513 0.059737324764208656 0.2231929746055204
0.3277386519472345 0.766546181850244 -0.5522629148427606
0.9920892999331666 -0.11628745371359785 -0.04728688049477526
-0.9921404340029254 -0.11731596796001749 0.04352381966338647
-0.9825460835895311 -0.18452030934489846 -0.02356796686473173
-0.9876817243782124 -0.15088432076657662 0.041457605768900015
-0.9555193384448151 0.05394519152451307 -0.28995294475029326
-0.7278183453901345 -0.025143810067173446 0.6853088682695364
-0.9762921863532408 -0.20850397168642318 -0.058134848899745406
0.2955113029808022 0.38837530355748157 0.8728331417843977
-0.24682038978073215 0.8271617264810759 0.5048595581281327
-0.7070622838393283 -0.05953199949165366 0.7046409495682455
-0.9542164338140489 0.04700806934126178 0.29540013347323635
-0.668509681706853 -0.162438503583155 0.7257468828853951
0.6619208976754029 0.5547459642130602 0.5041008236552593
-0.5302977855601544 0.8464819884662635 -0.04746052920266502
-0.9122098506972418 0.3977090607818852 0.09849208731114692
-0.7781037659534433 -0.013242939460844804 0.6279961416788368
-0.9381143379420827 -0.09652053127073193 0.33260378228562537
0.45838427268220494 0.1571793146958149 -0.8747448322735951
-0.03802187531528591 0.6207444260233814 -0.7830904766107244
0.07022630693581541 0.47411123459145094 -0.8776598447281992
-0.21716560047616965 0.16272380073001477 -0.9624760083481578
-0.8856523352736929 -0.3925558767031027 0.24803190256519936
-0.5855934677368513 -0.46208088424146826 -0.6660041643732808
-0.9711208385551313 -0.23857948566268444 0.00203615935224194
0.15100019782004187 0.38284053941571006 -0.9113901807887752
0.16181999661306848 0.6970638878302456 -0.6985100034925265
-0.5021993031054288 -0.5829606339099096 0.6387117967219472
-0.9145095021395372 -0.3649430731599679 0.1746107781583207
-0.867217864340511 -0.36575364782905506 0.33787193560345136
-0.5984421892192819 -0.06061114186042802 0.7988699741790326
0.17047046802883556 0.5122287326859957 -0.8417609785092967
-0.48592495708914846 0.4003462102469273 0.7769168861717657
-0.8673603997924635 0.3305998126403819 0.3720076622248556
-0.7926965552667 -0.4519174032015137 0.4091489117080824
-0.1452298163391948 0.37437474842248025 -0.9158339632213299
-0.6524780071737954 -0.13390158721733905 0.7458839152945917
0.14740055937593288 0.4342279207283159 -0.8886614585744256
-0.7776341516273653 -0.37066889764658584 0.5078284105288446
0.3384520434668186 0.726994791836835 -0.5974351738182575
-0.045519618658051056 0.24401241923117795 0.9687032071683119
-0.7373828382451487 -0.2866192640481123 -0.6116501837962998
0.6487019671835802 0.5687302808821224 0.5056991451247426
0.41653566206725595 0.6817749688339663 -0.6013991470709258
-0.7047364006300272 -0.3690768438797308 -0.6059116180919546
-0.9483532999606147 -0.28549805969493036 -0.138263792672711
-0.9467370020364966 0.153202868975982 0.28322769976200196
-0.9639745931925581 -0.2617343198464779 -0.047414443935830004
0.8749196051769139 0.037451329017251636 -0.48281785637227087
0.7215032740408195 -0.29651378660017036 0.6257096770103582
-0.8681708608605427 0.3662848444692971 0.3348354357961043
-0.9230852790932332 0.35519205337316745 0.14748617813856604
0.8234535557407731 0.23176818902461446 -0.5178877755789647
-0.8488766835520334 -0.015054461473745454 0.5283765128309891
-0.7701015521186132 0.4243412372689518 -0.47631724068897385
-0.9721376693551441 -0.21535966936091488 0.09256654165251037
0.07867131719177665 0.4158773330329001 -0.9060115163289886
0.560396529356355 0.6461111073687961 -0.5181661575402431
-0.9186503031191597 0.2868456610089992 0.27166373946367306
0.468989396026106 0.5736013056077126 -0.6715880348995177
-0.25423487328172045 0.2112432235964356 0.9437907234615172
-0.8899921356520193 -0.15784997582477864 -0.42778193464623354
-0.8472302840089182 -0.2234757541676663 0.481933017293234
-0.8690887501452615 0.16384234967389324 -0.46673378796085124
0.41929380440727204 0.6487779354444684 -0.635043223777791
-0.9237868327807588 -0.17393957978907332 0.34112008173617525
0.16978431814052972 0.26523542369185726 -0.9491171978910489
-0.8662260606907426 -0.22861238648905371 0.444284580560678
0.7712133734060284 0.3917108850563309 -0.5017893135650457
-0.41135827135104064 -0.3991106111538303 0.8194480414617511
-0.8583586206018801 0.4898062694061755 0.1526771000800144
-0.7629330119746786 0.45591129756581356 0.4583427843776982
-0.9871691022396907 -0.14721184197083242 0.061853352106719474
-0.44607866887021125 -0.3845820753917023 0.8081524908495867
-0.9099022080256673 -0.35461701539877516 -0.2152318383039092
-0.6151419106778155 0.13749807981257436 0.7763341469853695
-0.5812171182039818 0.11964894148511794 0.804904213126102
-0.9532770560922911 0.14782400284189978 0.2634595196834096
-0.9295522882909969 -0.3614074528077418 -0.07291910852438808
0.3055371030090812 -0.6335967692650003 0.71077578227017
-0.1125438071365089 0.07876337700822164 0.9905201774408642
0.0882225883406433 0.9058609359266397 0.4142858188118317
-0.9604633404988594 0.11681070423754557 0.2527161073879163
-0.8999629960639314 -0.4077250726061819 0.1543595506728229
-0.5901325829400134 -0.03620029133325328 0.8064943108664412
0.9440293897328625 0.1910952174670638 -0.26887009722506255
-0.3646722407749591 0.07241318534750753 -0.9283159415823892
-0.7887756459600896 -0.24918741684067003 0.5619062302809228
-0.9496552105092791 0.18657271533994604 0.2516855241035055
0.45470499348979293 0.7129894390131242 -0.5337503430923467
-0.7036941391921235 -0.09608316986036107 0.7039762658898674
-0.9641267652553116 -0.25776828187391515 0.06336476448389082
-0.9138860837695678 0.240291119471368 0.3272191983908021
-0.02257639413521578 0.32652419049447184 -0.94491918143817
-0.9557717676511526 -0.2758304992220298 -0.1020679374726327
-0.8779312574386704 -0.34007154666175554 -0.3370282634486855
-0.5176433995374293 0.20827941566039287 0.8298584192062515
0.7196037151059906 -0.4246573098092601 -0.5493966348925139
-0.7610110304280615 -0.24674992249583969 0.5999805724480728
-0.9977481726545502 0.06481519315846487 -0.01725035362932349
-0.9097848101499353 0.28499692746725425 0.3017753312560039
0.0037496964569573776 0.25345428521114677 0.9673400979410434
0.06294461883765139 0.6098850626087357 -0.7899861931490457
0.4033715875087298 0.44028133781351714 -0.8021494287000563
0.09388506730662863 0.7994165951920721 -0.5933959061776081
-0.9251430824030709 0.2444911850424372 0.2904037491464073
0.9681297239122902 0.04710768290193333 0.24597907205517228
-0.9215409359331583 0.3439385020415764 0.1801904831361389
0.8192253080743748 0.25831847352355086 -0.5119975203523043
0.3603916483182827 0.8143459352427309 -0.4549269804881582
0.7604689413172024 0.5537731217931354 -0.33914940494032797
-0.9461845320180614 -0.11474407542111528 -0.3026030874355309
-0.9811381568650627 -0.13781632141840805 -0.13555286309822343
0.06718433083241696 0.8092132206967934 -0.5836610567273811
-0.6199980827737432 -0.19063760416515757 -0.7610911123085404
-0.8308526898018316 0.5563626909032829 -0.012015157923198039
0.34941023392753306 0.31534718747201207 -0.8823086986878222
-0.8767347981065101 0.3140911024158854 0.36425660347111166
-0.9633163045588892 0.06764900017958597 -0.25970234913398016
-0.9132224637353679 0.35542927316579864 0.19923544741319688
-0.8908651899990949 -0.01890842327141996 0.45387408471652724
-0.7686610665917329 0.008630730902350671 0.6395980575253107
-0.9084562840765528 0.38127419087071146 0.17128097179110754
-0.9835832120972713 -0.1800173077544037 -0.01256319184246328
-0.5303538406800059 0.17906633260780785 0.82864953520916
-0.8726935526591539 -0.17471829951487786 0.4559380209653216
-0.9808391002625452 -0.19467629583785495 -0.007469888554237809
-0.413975667773811 0.9084481914855702 0.05784487771466191
-0.9159360894651388 0.20658768280394618 0.3440677394482159
-0.9543274208818199 0.10476020467146688 0.2797936262144765
-0.9385697712699367 -0.2960600432377236 -0.17729984561859033
-0.5903227654496811 -0.1668179397406458 -0.7897409749864364
0.9382888910892738 -0.33681742349532495 -0.07853648889803848
-0.9462359298671621 0.13577122445403295 0.2936047336789371
-0.734811168503601 -0.3878928323947587 -0.5564096487473453
-0.4270323895999759 0.29184462441739556 0.8558446432800778
0.6818859664264932 0.5434825756256125 0.4895489952823496
-0.8349811197613901 -0.05504427491358788 0.5475186366154602
0.9848013627147756 0.1359306947841848 0.10811624397198538
-0.785231399998279 -0.6061195067123052 0.12661276412579683
0.20551333592237614 0.1297055661789629 -0.9700209971233876
-0.5864549922859399 0.5848720676496065 -0.5603527518502718
0.9365043525702499 -0.32983578113574674 -0.11902921952003609
-0.9004471722517551 0.2730167035157722 0.3386100553515787
0.6653429761974579 0.6092594606453616 -0.43141816563379914
-0.36580794495346575 -0.7977821755338341 0.47929964303077155
-0.867750503080195 -0.31914988728072435 0.380988731923622
-0.21143783769997146 0.6461506231162275 0.7333371755442863
0.359036578529674 0.4025478990090652 -0.8420498347966662
-0.9946974066057959 0.10185369079924918 0.014244120270309689
-0.597047534507855 -0.5140576057880327 -0.6158563302179879
-0.7617780468725952 0.3598241982036862 -0.5387214063781467
-0.3598339622012698 0.37395659246911317 0.8547958742269554
-0.14816847836771938 0.08073727490406464 0.9856609936784859
-0.5388602578673904 0.21797998172436633 0.8137040924430295
-0.894196206326292 -0.08677381365251736 0.4391849836411367
0.015975385653618498 0.0948160850050716 0.9953666144077413
-0.9331788992878111 0.09846330239261555 0.34566185789862586
-0.981193284880922 -0.19285485900172442 0.008169520427233824
0.5988363119265121 0.6742887208106733 -0.4321224276819695
-0.9977956243054608 0.02945965592248873 -0.05946444979821446
-0.833041011547748 -0.07445601015345672 0.5481778686079303
-0.9824984056991828 -0.16052798421688483 0.09448623752604235
0.7637357964055614 -0.20662413599230603 -0.6115669216972055
-0.9872459205663211 -0.1110203499630154 -0.11410510163549618
-0.9755980182855115 0.04000166107275914 -0.21588972608441295
0.7206957839342852 0.5264815265675415 -0.45101528710505706
-0.6814454922530415 -0.7309057806621678 0.03753372993238103
0.725006330486724 0.6885721821876 -0.015302636099106764
0.4293671258664797 0.35858300079878436 -0.8288920935582011
0.8960331572713394 -0.04373855048283553 0.44182747795040495
-0.8644671321392597 -0.004186498703663478 0.5026719115681
-0.3810291284453882 0.06683133983725677 0.9221444438328005
-0.8009148157374828 -0.5913318229773251 -0.09413890304495505
-0.5528949796098036 -0.38287994217917254 -0.7400743823421726
-0.7709982386230101 -0.035154330453367764 0.6358662509447969
-0.9288452085234287 0.15680201619821255 0.3356481883151521
-0.9858067502027947 -0.16656798187610233 0.02097995873034502
-0.2799990212189831 -0.7447286089170374 0.6057886159188746
-0.36040275876169164 0.919043659116484 0.15958885961979263
0.3997306379313446 0.7270202582681642 -0.5582624482863702
-0.006159684147176716 0.8196767814809169 -0.5727931844848473
-0.8001244063058813 -0.03040756288542569 0.599062863607009
-0.8689558032614658 -0.439258886321089 0.2279636873850245
0.5506910103832701 0.6927308674091932 -0.46568589888632006
-0.6557074851587072 0.009332167107066547 0.7549573528113555
0.7551447970275984 0.6186851054522665 0.21676041108483135
-0.9116766427628623 -0.3582478643158675 -0.20125647009166217
-0.9916210030321012 -0.10580148058461593 0.07412039565269846
-0.26936566117170674 0.26104967843142524 -0.9269817721899275
0.7464436624922844 -0.19244488116489444 -0.637013992341247
0.1477336175220294 0.8337297512905076 -0.5320427427067519
-0.09035436765165097 0.1457442984849163 0.9851876408610747
0.5537673348259748 0.7109531540312596 -0.4334597462887882
0.7318814028978597 0.6769934340693153 0.07764987005331178
-0.8769805409094987 0.47967184674227314 0.028636520545277235
0.9287070460191125 -0.361642284952688 -0.08196389698308058
-0.967715895409734 -0.13179972459099026 0.21483663181374804
-0.7973392799728162 -0.042897981050613335 0.6020048470188692
-0.9285538354424628 -0.12006102766198337 0.351245105762116
-0.7375312419186005 -0.669017081331594 -0.09199897869303786
-0.8034368444092498 0.24814561600783275 0.5412143663113537
0.3618406923737839 0.6148118001167076 -0.7007694084217105
-0.9765447487700547 -0.07341820954152273 -0.20241077085310388
0.6224521509995218 -0.6034099133119407 0.4984473856215367
-0.55786869217567 0.2065186171438237 0.803823726362447
-0.949378600424175 -0.25305404567279527 0.1861287807547926
0.9545467722440075 0.05543163925537978 0.2928613886602469
-0.5739620541752115 -0.023877844667160884 0.8185336944201029
-0.9483886119832327 0.18820071319876291 0.25522447416342053
-0.1547072655387655 0.26960587623077653 -0.9504621683640823
0.7584814838529728 0.6516926728630115 0.0015807557864483785
0.24483595777511094 0.8003497362531861 -0.5472619605452215
-0.09126983994306871 0.9905657783078194 -0.10222159831557333
-0.10410170123855372 0.12700693936938875 0.9864238810730706
-0.5275856317575913 0.004181884615125817 0.849491561467216
-0.31119914648842406 0.4100413243874116 0.8573337760286212
0.2520053883269532 0.7783991370010965 -0.5749678841206086
0.33494827492376295 0.6079714125126717 -0.7198474940519984
0.022996785192814128 -0.988106797471201 -0.152039812753116
0.7475427853657525 0.6145706431303317 0.25195775171640006
0.922649104498277 -0.040839326587621676 -0.38347200598270137
-0.7220616896884537 0.2879338691127997 -0.6290635924149388
-0.8049401346935381 -0.1206226063743586 0.5809660630286465
0.7679688242980967 -0.218030060495313 -0.6022348193409354
-0.9765146899535898 0.08170357441821274 0.19935793496154552
-0.7684767435209098 -0.08282218482756316 0.6344950593723223
-0.5537696641116291 0.18818249362974007 0.8111266905983222
0.04546354327679455 0.51923792081821 -0.853419620009466
